BENCHMARKING AUTOMATIZADO - Optic Planner
Generado: 2026-03-22 03:47:55.258602
Timeout: 60 segundos
Max Drones: 5
========================================================================================================================


--------------------------------------------------------------------------------------------------------------------
Configuración: 1 Dron(es) / 1 Transportador(es)
--------------------------------------------------------------------------------------------------------------------
L   P   C    M    1er-Pasos  1er-Tiempo   Últ-Pasos  Últ-Tiempo   #Planes 
--------------------------------------------------------------------------------------------------------------------
2   2   2    2    8          636.0        10         348.0        2       
3   3   3    3    13         703.0        14         462.0        3       
4   4   4    4    17         1493.0       16         1378.0       2       
5   5   5    5    22         1655.0       20         1408.0       2       
6   6   6    6    27         2238.0       24         1730.0       2       
7   7   7    7    31         3241.0       28         2934.0       2       
8   8   8    8    35         3019.0       32         2530.0       2       
9   9   9    9    41         4010.0       36         3060.0       2       
10  10  10   10   45         4131.0       40         3334.0       2       
11  11  11   11   48         4860.0       44         3894.0       2       
12  12  12   12   54         4923.1       48         4562.0       2       
13  13  13   13   59         4374.1       52         3888.1       2       
14  14  14   14   66         5899.1       56         3584.1       2       
15  15  15   15   68         6528.1       60         5764.1       2       
16  16  16   16   71         6718.1       64         5864.1       2       
17  17  17   17   79         6828.1       68         5540.1       2       
18  18  18   18   80         8829.1       72         7738.1       2       
19  19  19   19   87         6435.1       87         6435.1       1       
20  20  20   20   90         7968.1       90         7968.1       1       
21  21  21   21   95         7799.1       95         7799.1       1       
22  22  22   22   98         8122.1       98         8122.1       1       
23  23  23   23   100        10149.1      100        10149.1      1       
24  24  24   24   108        8465.1       108        8465.1       1       
25  25  25   25   114        8937.1       114        8937.1       1       
26  26  26   26   119        10373.1      119        10373.1      1       
27  27  27   27   122        9703.1       122        9703.1       1       
28  28  28   28   125        9091.1       125        9091.1       1       
29  29  29   29   133        10250.1      133        10250.1      1       
30  30  30   30   135        11425.1      135        11425.1      1       
31  31  31   31   141        13139.1      141        13139.1      1       
32  32  32   32   144        12901.1      144        12901.1      1       
33  33  33   33   150        13523.1      150        13523.1      1       
34  34  34   34   150        10417.1      150        10417.1      1       
35  35  35   35   159        14653.2      159        14653.2      1       
36  36  36   36   164        17740.2      164        17740.2      1       
37  37  37   37   166        14052.2      166        14052.2      1       
38  38  38   38   171        14542.2      171        14542.2      1       
39  39  39   39   175        13071.2      175        13071.2      1       
40  40  40   40   181        14917.2      181        14917.2      1       
41  41  41   41   187        14510.2      187        14510.2      1       
42  42  42   42   192        14034.2      192        14034.2      1       

--------------------------------------------------------------------------------------------------------------------
Configuración: 2 Dron(es) / 2 Transportador(es)
--------------------------------------------------------------------------------------------------------------------
L   P   C    M    1er-Pasos  1er-Tiempo   Últ-Pasos  Últ-Tiempo   #Planes 
--------------------------------------------------------------------------------------------------------------------
2   2   2    2    8          399.0        8          399.0        1       
3   3   3    3    13         1012.0       18         638.0        4       
4   4   4    4    17         960.0        16         792.0        2       
5   5   5    5    22         1371.0       22         1316.0       2       
6   6   6    6    25         1230.0       24         1180.0       2       
7   7   7    7    28         1168.0       28         1168.0       1       
8   8   8    8    35         880.0        35         880.0        1       
9   9   9    9    37         1426.0       37         1426.0       1       
10  10  10   10   44         2155.0       44         2155.0       1       
11  11  11   11   47         1903.0       47         1903.0       1       
12  12  12   12   60         3320.0       60         3320.0       1       
13  13  13   13   53         2180.0       53         2180.0       1       
14  14  14   14   57         2334.0       57         2334.0       1       
15  15  15   15   63         2737.0       63         2737.0       1       
16  16  16   16   69         3008.0       69         3008.0       1       
17  17  17   17   75         3134.0       75         3134.0       1       

--------------------------------------------------------------------------------------------------------------------
Configuración: 3 Dron(es) / 3 Transportador(es)
--------------------------------------------------------------------------------------------------------------------
L   P   C    M    1er-Pasos  1er-Tiempo   Últ-Pasos  Últ-Tiempo   #Planes 
--------------------------------------------------------------------------------------------------------------------
2   2   2    2    10         281.0        10         281.0        1       
3   3   3    3    15         686.0        16         673.0        2       
4   4   4    4    20         920.0        18         748.0        2       
5   5   5    5    22         702.0        22         702.0        1       
6   6   6    6    26         590.0        26         590.0        1       
7   7   7    7    33         1180.0       33         1180.0       1       
8   8   8    8    35         1194.0       35         1194.0       1       
9   9   9    9    39         1148.0       39         1148.0       1       

--------------------------------------------------------------------------------------------------------------------
Configuración: 4 Dron(es) / 4 Transportador(es)
--------------------------------------------------------------------------------------------------------------------
L   P   C    M    1er-Pasos  1er-Tiempo   Últ-Pasos  Últ-Tiempo   #Planes 
--------------------------------------------------------------------------------------------------------------------
2   2   2    2    12         348.0        12         348.0        1       
3   3   3    3    18         456.0        18         456.0        1       
4   4   4    4    20         611.0        20         611.0        1       
5   5   5    5    26         656.0        26         656.0        1       

--------------------------------------------------------------------------------------------------------------------
Configuración: 5 Dron(es) / 5 Transportador(es)
--------------------------------------------------------------------------------------------------------------------
L   P   C    M    1er-Pasos  1er-Tiempo   Últ-Pasos  Últ-Tiempo   #Planes 
--------------------------------------------------------------------------------------------------------------------
2   2   2    2    14         392.0        14         392.0        1       
3   3   3    3    22         926.0        22         926.0        1       
